0
0
0
0
0
0
0
0
0
0
0
0
0
0
0
198.115
198.248
198.38
198.513
198.646
198.779
198.912
199.045
199.178
199.31
199.443
199.576
199.709
199.842
199.975
200.108
200.24
200.373
200.506
200.639
200.772
200.905
201.038
201.17
201.303
201.436
201.569
201.702
201.835
201.968
202.1
202.233
202.366
202.499
202.632
202.765
202.898
203.03
203.163
203.296
203.429
203.562
203.695
203.828
203.961
204.093
204.226
204.359
204.492
204.625
204.758
204.891
205.023
205.156
205.289
205.422
205.555
205.688
205.821
205.953
206.086
206.219
206.352
206.485
206.618
206.751
206.883
207.016
207.149
207.282
207.415
207.548
207.681
207.813
207.946
208.079
208.212
208.345
208.478
208.611
208.743
208.876
209.009
209.142
209.275
209.408
209.541
209.673
209.806
209.939
210.072
210.205
210.338
210.471
210.603
210.736
210.869
211.002
211.135
211.268
211.401
211.534
211.666
211.799
211.932
212.065
212.198
212.331
212.464
212.596
212.729
212.862
212.995
213.128
213.261
213.394
213.526
213.659
213.792
213.925
214.058
214.191
214.324
214.456
214.589
214.722
214.855
214.988
215.121
215.254
215.386
215.519
215.652
215.785
215.918
216.051
216.184
216.316
216.449
216.582
216.715
216.848
216.981
217.114
217.246
217.379
217.512
217.645
217.778
217.911
218.044
218.176
218.309
218.442
218.575
218.708
218.841
218.974
219.107
219.239
219.372
219.505
219.638
219.771
219.904
220.037
220.169
220.302
220.435
220.568
220.701
220.834
220.967
221.099
221.232
221.365
221.498
221.631
221.764
221.897
222.029
222.162
222.295
222.428
222.561
222.694
222.827
222.959
223.092
223.225
223.358
223.491
223.624
223.757
223.889
224.022
224.155
224.288
224.421
224.554
224.687
224.819
224.952
225.085
225.218
225.351
225.484
225.617
225.749
225.882
226.015
226.148
226.281
226.414
226.547
226.679
226.812
226.945
227.078
227.211
227.344
227.477
227.61
227.742
227.875
228.008
228.141
228.274
228.407
228.54
228.672
228.805
228.938
229.071
229.204
229.337
229.47
229.602
229.735
229.868
230.001
230.134
230.267
230.4
230.532
230.665
230.798
230.931
231.064
231.197
231.33
231.462
231.595
231.728
231.861
231.994
232.127
232.26
232.392
232.525
232.658
232.791
232.924
233.057
233.19
233.322
233.455
233.588
233.721
233.854
233.987
234.12
234.253
234.385
234.518
234.651
234.784
234.917
235.05
235.183
235.315
235.448
235.581
235.714
235.847
235.98
236.113
236.245
236.378
236.511
236.644
236.777
236.91
237.043
237.175
237.308
237.441
237.574
237.707
237.84
237.973
238.105
238.238
238.371
238.504
238.637
238.77
238.903
239.035
239.168
239.301
239.434
239.567
239.7
239.833
239.965
240.098
240.231
240.364
240.497
240.63
240.763
240.895
241.028
241.161
241.294
241.427
241.56
241.693
241.826
241.958
242.091
242.224
242.357
242.49
242.623
242.756
242.888
243.021
243.154
243.287
243.42
243.553
243.686
243.818
243.951
244.084
244.217
244.35
244.483
244.616
244.748
244.881
245.014
245.147
245.28
245.413
245.546
245.678
245.811
245.944
246.077
246.21
246.343
246.476
246.608
246.741
246.874
247.007
247.14
247.273
247.406
247.538
247.671
247.804
247.937
248.07
248.203
248.336
248.468
248.601
248.734
248.867
249
249.133
249.266
249.398
249.531
249.664
249.797
249.93
250.063
250.196
250.329
250.461
250.594
250.727
250.86
250.993
251.126
251.259
251.391
251.524
251.657
251.79
251.923
252.056
252.189
252.321
252.454
252.587
252.72
252.853
252.986
253.119
253.251
253.384
253.517
253.65
253.784
253.918
254.051
254.185
254.319
254.453
254.586
254.72
254.854
254.988
255.121
255.255
255.389
255.523
255.656
255.79
255.924
256.058
256.191
256.325
256.459
256.593
256.726
256.86
256.994
257.128
257.261
257.395
257.529
257.663
257.796
257.93
258.064
258.198
258.331
258.465
258.599
258.733
258.866
259
259.134
259.268
259.401
259.535
259.669
259.803
259.936
260.07
260.204
260.338
260.471
260.605
260.739
260.873
261.006
261.14
261.274
261.408
261.541
261.675
261.809
261.943
262.076
262.21
262.344
262.478
262.611
262.745
262.879
263.013
263.146
263.28
263.414
263.548
263.681
263.815
263.949
264.083
264.216
264.35
264.484
264.618
264.751
264.885
265.019
265.153
265.286
265.42
265.554
265.688
265.822
265.955
266.089
266.223
266.357
266.49
266.624
266.758
266.892
267.025
267.159
267.293
267.427
267.56
267.694
267.828
267.962
268.095
268.229
268.363
268.497
268.63
268.764
268.898
269.032
269.165
269.299
269.433
269.567
269.7
269.834
269.968
270.102
270.235
270.369
270.503
270.637
270.77
270.904
271.038
271.172
271.305
271.439
271.573
271.707
271.84
271.974
272.108
272.242
272.375
272.509
272.643
272.777
272.91
273.044
273.178
273.312
273.445
273.579
273.713
273.847
273.98
274.114
274.248
274.382
274.515
274.649
274.783
274.917
275.05
275.184
275.318
275.452
275.585
275.719
275.853
275.987
276.12
276.254
276.388
276.522
276.655
276.789
276.923
277.057
277.19
277.324
277.458
277.592
277.726
277.859
277.993
278.127
278.261
278.394
278.528
278.662
278.796
278.929
279.063
279.197
279.331
279.464
279.598
279.732
279.866
279.999
280.133
280.267
280.401
280.534
280.668
280.802
280.936
281.069
281.203
281.337
281.471
281.604
281.738
281.872
282.006
282.139
282.273
282.407
282.541
282.674
282.808
282.942
283.076
283.209
283.343
283.477
283.611
283.744
283.878
284.012
284.146
284.279
284.413
284.547
284.681
284.814
284.948
285.082
285.216
285.349
285.483
285.617
285.751
285.884
286.018
286.152
286.286
286.419
286.553
286.687
286.821
286.954
287.088
287.222
287.356
287.489
287.623
287.757
287.891
288.024
288.158
288.292
288.426
288.559
288.693
288.827
288.961
289.094
289.228
289.362
289.496
289.63
289.763
289.897
290.031
290.165
290.298
290.432
290.566
290.7
290.833
290.967
291.101
291.235
291.368
291.502
291.636
291.77
291.903
292.037
292.171
292.305
292.438
292.572
292.706
292.84
292.973
293.107
293.241
293.375
293.508
293.642
293.776
293.91
294.043
294.177
294.311
294.445
294.578
294.712
294.846
294.98
295.113
295.247
295.381
295.515
295.648
295.782
295.916
296.05
296.183
296.317
296.451
296.585
296.718
296.852
296.986
297.12
297.253
297.387
297.521
297.655
297.788
297.922
298.056
298.19
298.323
298.457
298.591
298.725
298.858
298.992
299.126
299.26
299.393
299.527
299.661
299.795
299.928
300.062
300.196
300.33
300.463
300.597
300.731
300.865
300.998
301.132
301.266
301.4
301.534
301.667
301.801
301.935
302.069
302.202
302.336
302.47
302.604
302.737
302.871
303.005
303.139
303.272
303.406
303.54
303.674
303.807
303.941
304.075
304.209
304.342
304.476
304.61
304.744
304.877
305.011
305.145
305.279
305.412
305.546
305.68
305.814
305.947
306.081
306.215
306.349
306.482
306.616
306.75
306.884
307.017
307.151
307.285
307.419
307.552
307.686
307.82
307.954
308.087
308.221
308.355
308.489
308.622
308.756
308.89
309.024
309.157
309.291
309.425
309.559
309.692
309.826
309.96
310.094
310.227
310.361
310.495
310.629
310.762
310.896
311.03
311.164
311.297
311.431
311.565
311.699
311.832
311.966
312.1
312.234
312.367
312.501
312.635
312.769
312.902
313.036
313.17
313.308
313.447
313.585
313.724
313.862
314
314.139
314.277
314.415
314.554
314.692
314.831
314.969
315.107
315.246
315.384
315.523
315.661
315.799
315.938
316.076
316.214
316.353
316.491
316.63
316.768
316.906
317.045
317.183
317.322
317.46
317.598
317.737
317.875
318.014
318.152
318.29
318.429
318.567
318.705
318.844
318.982
319.121
319.259
319.397
319.536
319.674
319.813
319.951
320.089
320.228
320.366
320.504
320.643
320.781
320.92
321.058
321.196
321.335
321.473
321.612
321.75
321.888
322.027
322.165
322.303
322.442
322.58
322.719
322.857
322.995
323.134
323.272
323.411
323.549
323.687
323.826
323.964
324.103
324.241
324.379
324.518
324.656
324.794
324.933
325.071
325.21
325.348
325.486
325.625
325.763
325.902
326.04
326.178
326.317
326.455
326.593
326.732
326.87
327.009
327.147
327.285
327.424
327.562
327.701
327.839
327.977
328.116
328.254
328.392
328.531
328.669
328.808
328.946
329.084
329.223
329.361
329.5
329.638
329.776
329.915
330.053
330.192
330.33
330.468
330.607
330.745
330.883
331.022
331.16
331.299
331.437
331.575
331.714
331.852
331.991
332.129
332.267
332.406
332.544
332.682
332.821
332.959
333.098
333.236
333.374
333.513
333.651
333.79
333.928
334.066
334.205
334.343
334.481
334.62
334.758
334.897
335.035
335.173
335.312
335.45
335.589
335.727
335.865
336.004
336.142
336.281
336.419
336.557
336.696
336.834
336.972
337.111
337.249
337.388
337.526
337.664
337.803
337.941
338.08
338.218
338.356
338.495
338.633
338.771
338.91
339.048
339.187
339.325
339.463
339.602
339.74
339.879
340.017
340.155
340.294
340.432
340.57
340.709
340.847
340.986
341.124
341.262
341.401
341.539
341.678
341.816
341.954
342.093
342.231
342.37
342.508
342.646
342.785
342.923
343.061
343.2
343.338
343.477
343.615
343.753
343.892
344.03
344.169
344.307
344.445
344.584
344.722
344.86
344.999
345.137
345.276
345.414
345.552
345.691
345.829
345.968
346.106
346.244
346.383
346.521
346.659
346.798
346.936
347.075
347.213
347.351
347.49
347.628
347.767
347.905
348.043
348.182
348.32
348.458
348.597
348.735
348.874
349.012
349.15
349.289
349.427
349.566
349.704
349.842
349.981
350.119
350.258
350.396
350.534
350.673
350.811
350.949
351.088
351.226
351.365
351.503
351.641
351.78
351.918
352.057
352.195
352.333
352.472
352.61
352.748
352.887
353.025
353.164
353.302
353.44
353.579
353.717
353.856
353.994
354.132
354.271
354.409
354.547
354.686
354.824
354.963
355.101
355.239
355.378
355.516
355.655
355.793
355.931
356.07
356.208
356.347
356.485
356.623
356.762
356.9
357.038
357.177
357.315
357.454
357.592
357.73
357.869
358.007
358.146
358.284
358.422
358.561
358.699
358.837
358.976
359.114
359.253
359.391
359.529
359.668
359.806
359.945
360.083
360.221
360.36
360.498
360.636
360.775
360.913
361.052
361.19
361.328
361.467
361.605
361.744
361.882
362.02
362.159
362.297
362.435
362.574
362.712
362.851
362.989
363.127
363.266
363.404
363.543
363.681
363.819
363.958
364.096
364.235
364.373
364.511
364.65
364.788
364.926
365.065
365.203
365.342
365.48
365.619
365.758
365.897
366.036
366.175
366.314
366.453
366.591
366.73
366.869
367.008
367.147
367.286
367.425
367.564
367.703
367.842
367.981
368.12
368.259
368.398
368.537
368.676
368.814
368.953
369.092
369.231
369.37
369.509
369.648
369.787
369.926
370.065
370.204
370.343
370.482
370.621
370.76
370.899
371.037
371.176
371.315
371.454
371.593
371.732
371.871
372.01
372.149
372.288
372.427
372.566
372.705
372.844
372.983
373.121
373.26
373.399
373.538
373.677
373.816
373.955
374.094
374.233
374.372
374.511
374.65
374.789
374.928
375.067
375.206
375.344
375.483
375.622
375.761
375.9
376.039
376.178
376.317
376.456
376.595
376.734
376.873
377.012
377.151
377.29
377.429
377.567
377.706
377.845
377.984
378.123
378.262
378.401
378.54
378.679
378.818
378.957
379.096
379.235
379.374
379.513
379.651
379.79
379.929
380.068
380.207
380.346
380.485
380.624
380.763
380.902
381.041
381.18
381.319
381.458
381.597
381.736
381.874
382.013
382.152
382.291
382.43
382.569
382.708
382.847
382.986
383.125
383.264
383.403
383.542
383.681
383.82
383.959
384.097
384.236
384.375
384.514
384.653
384.792
384.931
385.07
385.209
385.348
385.487
385.626
385.765
385.904
386.043
386.181
386.32
386.459
386.598
386.737
386.876
387.015
387.154
387.293
387.432
387.571
387.71
387.849
387.988
388.127
388.266
388.404
388.543
388.682
388.821
388.96
389.099
389.238
389.377
389.516
389.655
389.794
389.933
390.072
390.211
390.35
390.489
390.627
390.766
390.905
391.044
391.183
391.322
391.461
391.6
391.739
391.878
392.017
392.156
392.295
392.434
392.573
392.711
392.85
392.989
393.128
393.267
393.406
393.545
393.684
393.823
393.962
394.101
394.24
394.379
394.518
394.657
394.796
394.934
395.073
395.212
395.351
395.49
395.629
395.768
395.907
396.046
396.185
396.324
396.463
396.602
396.741
396.88
397.019
397.157
397.296
397.435
397.574
397.713
397.852
397.991
398.13
398.269
398.408
398.547
398.686
398.825
398.964
399.103
399.241
399.38
399.519
399.658
399.797
399.936
400.075
400.214
400.353
400.492
400.631
400.77
400.909
401.048
401.187
401.326
401.464
401.603
401.742
401.881
402.02
402.159
402.298
402.437
402.576
402.715
402.854
402.993
403.132
403.271
403.41
403.549
403.687
403.826
403.965
404.104
404.243
404.382
404.521
404.66
404.803
404.946
405.089
405.232
405.375
405.518
405.661
405.804
405.947
406.09
406.233
406.376
406.519
406.662
406.805
406.948
407.091
407.235
407.378
407.521
407.664
407.807
407.95
408.093
408.236
408.379
408.522
408.665
408.808
408.951
409.094
409.237
409.38
409.523
409.666
409.809
409.952
410.095
410.238
410.381
410.524
410.667
410.81
410.953
411.096
411.239
411.382
411.525
411.668
411.811
411.954
412.097
412.24
412.383
412.527
412.67
412.813
412.956
413.099
413.242
413.385
413.528
413.671
413.814
413.957
414.1
414.243
414.386
414.529
414.672
414.815
414.958
415.101
415.244
415.387
415.53
415.673
415.816
415.959
416.102
416.245
416.388
416.531
416.674
416.817
416.96
417.103
417.246
417.389
417.532
417.676
417.819
417.962
418.105
418.248
418.391
418.534
418.677
418.82
418.963
419.106
419.249
419.392
419.535
419.678
419.821
419.964
420.107
420.25
420.393
420.536
420.679
420.822
420.965
421.108
421.251
421.394
421.537
421.68
421.823
421.966
422.109
422.252
422.395
422.538
422.681
422.825
422.968
423.111
423.254
423.397
423.54
423.683
423.826
423.969
424.112
424.255
424.398
424.541
424.684
424.827
424.97
425.113
425.256
425.399
425.542
425.685
425.828
425.971
426.114
426.257
426.4
426.543
426.686
426.829
426.972
427.115
427.258
427.401
427.544
427.687
427.83
427.973
428.117
428.26
428.403
428.546
428.689
428.832
428.975
429.118
429.261
429.404
429.547
429.69
429.833
429.976
430.119
430.262
430.405
430.548
430.691
430.834
430.977
431.12
431.263
431.406
431.549
431.692
431.835
431.978
432.121
432.264
432.407
432.55
432.693
432.836
432.979
433.122
433.265
433.409
433.552
433.695
433.838
433.981
434.124
434.267
434.41
434.553
434.696
434.839
434.982
435.125
435.268
435.411
435.554
435.697
435.84
435.986
436.133
436.279
436.426
436.572
436.718
436.865
437.011
437.157
437.304
437.45
437.597
437.743
437.889
438.036
438.182
438.329
438.475
438.621
438.768
438.914
439.061
439.207
439.353
439.5
439.646
439.792
439.939
440.085
440.232
440.378
440.524
440.671
440.817
440.964
441.11
441.256
441.403
441.549
441.696
441.842
441.988
442.135
442.281
442.427
442.574
442.72
442.867
443.013
443.159
443.306
443.452
443.599
443.745
443.891
444.038
444.184
444.33
444.477
444.623
444.77
444.916
445.062
445.209
445.355
445.502
445.648
445.794
445.941
446.087
446.234
446.38
446.526
446.673
446.819
446.965
447.112
447.258
447.405
447.551
447.697
447.844
447.99
448.137
448.283
448.429
448.576
448.722
448.869
449.015
449.161
449.308
449.454
449.6
449.747
449.893
450.04
450.186
450.332
450.479
450.625
450.772
450.918
451.064
451.211
451.357
451.503
451.65
451.796
451.943
452.089
452.235
452.382
452.528
452.675
452.821
452.967
453.114
453.26
453.407
453.553
453.699
453.846
453.992
454.138
454.285
454.431
454.578
454.724
454.87
455.017
455.163
455.31
455.456
455.602
455.749
455.895
456.042
456.188
456.334
456.481
456.627
456.773
456.92
457.066
457.213
457.359
457.505
457.652
457.798
457.945
458.091
458.237
458.384
458.53
458.676
458.823
458.969
459.116
459.262
459.408
459.555
459.701
459.848
459.994
460.14
460.287
460.433
460.58
460.726
460.872
461.019
461.165
461.311
461.458
461.604
461.751
461.897
462.043
462.19
462.336
462.483
462.629
462.775
462.922
463.068
463.215
463.361
463.507
463.654
463.8
463.946
464.093
464.239
464.386
464.532
464.678
464.825
464.971
465.118
465.264
465.41
465.557
465.703
465.849
465.996
466.142
466.289
466.435
466.581
466.728
466.874
467.021
467.167
467.313
467.46
467.606
467.753
467.899
468.045
468.192
468.338
468.484
468.631
468.777
468.924
469.07
469.216
469.363
469.509
469.656
469.802
469.948
470.095
470.241
470.388
470.534
470.68
470.827
470.973
471.119
471.266
471.412
471.559
471.705
471.851
471.998
472.144
472.291
472.437
472.583
472.73
472.876
473.022
473.169
473.315
473.462
473.608
473.754
473.901
474.047
474.194
474.34
474.486
474.633
474.779
474.926
475.072
475.218
475.365
475.511
475.657
475.804
475.95
476.097
476.243
476.389
476.536
476.682
476.829
476.975
477.121
477.268
477.414
477.561
477.707
477.853
478
478.146
478.292
478.439
478.585
478.732
478.878
479.024
479.171
479.317
479.464
479.61
479.756
479.903
480.049
480.195
480.342
480.488
480.635
480.781
480.927
481.074
481.22
481.367
481.513
481.659
481.806
481.952
482.099
482.245
482.391
482.538
482.684
482.83
482.977
483.123
483.27
483.416
483.562
483.709
483.855
484.002
484.148
484.294
484.441
484.587
484.734
484.88
485.026
485.173
485.319
485.465
485.612
485.758
485.905
486.051
486.197
486.344
486.49
486.637
486.783
486.929
487.076
487.222
487.368
487.515
487.661
487.808
487.954
488.1
488.247
488.393
488.54
488.686
488.832
488.979
489.125
489.272
489.418
489.564
489.711
489.857
490.003
490.15
490.296
490.443
490.589
490.735
490.882
491.028
491.175
491.321
491.467
491.614
491.76
491.907
492.053
492.199
492.346
492.492
492.638
492.785
492.931
493.078
493.224
493.37
493.517
493.663
493.81
493.956
494.102
494.249
494.395
494.541
494.688
494.834
494.981
495.127
495.273
495.42
495.566
495.713
495.859
496.005
496.152
496.298
496.445
496.591
496.737
496.884
497.03
497.176
497.323
497.469
497.616
497.762
497.908
498.055
498.201
498.348
498.494
498.64
498.787
498.933
499.08
499.226
499.372
499.519
499.665
499.811
499.958
500.104
500.251
500.397
500.543
500.69
500.836
500.983
501.129
501.275
501.422
501.568
501.714
501.861
502.007
502.154
502.3
502.446
502.593
502.739
502.886
503.032
503.178
503.325
503.471
503.618
503.764
503.91
504.057
504.203
504.349
504.496
504.642
504.789
504.935
505.081
505.228
505.374
505.521
505.667
505.813
505.96
506.106
506.253
506.399
506.545
506.692
506.838
506.984
507.131
507.277
507.424
507.57
507.716
507.863
508.009
508.156
508.302
508.448
508.595
508.741
508.887
509.034
509.18
509.327
509.473
509.619
509.766
509.912
510.059
510.205
510.351
510.498
510.644
510.791
510.937
511.083
511.23
511.376
511.522
511.669
511.815
511.962
512.108
512.254
512.401
512.547
512.694
512.84
512.986
513.133
513.279
513.426
513.572
513.718
513.865
514.011
514.157
514.304
514.45
514.597
514.743
514.889
515.036
515.182
515.329
515.475
515.621
515.768
515.914
516.061
516.207
516.353
516.5
516.646
516.792
516.939
517.085
517.232
517.378
517.524
517.671
517.817
517.964
518.11
518.256
518.403
518.549
518.695
518.842
518.988
519.135
519.281
519.427
519.574
519.72
519.867
520.013
520.159
520.306
520.452
520.599
520.745
520.891
521.038
521.184
521.33
521.477
521.623
521.77
521.916
522.062
522.209
522.355
522.502
522.648
522.794
522.941
523.087
523.234
523.38
523.526
523.673
523.819
523.965
524.112
524.258
524.405
524.551
524.697
524.844
524.99
525.137
525.283
525.429
525.576
525.722
525.868
526.015
526.161
526.308
526.454
526.6
526.747
526.893
527.04
527.186
527.332
527.479
527.625
527.772
527.918
528.064
528.211
528.357
528.503
528.65
528.796
528.943
529.089
529.235
529.382
529.528
529.675
529.821
529.967
530.114
530.26
530.407
530.553
530.699
530.846
530.992
531.138
531.285
531.431
531.578
531.724
531.87
532.017
532.163
532.31
532.456
532.602
532.749
532.895
533.041
533.188
533.334
533.481
533.627
533.773
533.92
534.066
534.213
534.359
534.505
534.652
534.798
534.945
535.091
535.237
535.384
535.53
535.676
535.823
535.969
536.116
536.262
536.408
536.555
536.701
536.848
536.994
537.14
537.287
537.433
537.58
537.726
537.872
538.019
538.165
538.311
538.458
538.604
538.751
538.897
539.043
539.19
539.336
539.483
539.629
539.775
539.922
540.068
540.214
540.361
540.507
540.654
540.8
540.946
541.093
541.239
541.386
541.532
541.678
541.825
541.971
542.118
542.264
542.41
542.557
542.703
542.849
542.996
543.142
543.289
543.435
543.581
543.728
543.874
544.021
544.167
544.313
544.46
544.606
544.753
544.899
545.045
545.192
545.338
545.484
545.631
545.777
545.924
546.07
546.219
546.368
546.518
546.667
546.816
546.965
547.115
547.264
547.413
547.562
547.712
547.861
548.01
548.159
548.308
548.458
548.607
548.756
548.905
549.055
549.204
549.353
549.502
549.651
549.801
549.95
550.099
550.248
550.398
550.547
550.696
550.845
550.994
551.144
551.293
551.442
551.591
551.741
551.89
552.039
552.188
552.338
552.487
552.636
552.785
552.934
553.084
553.233
553.382
553.531
553.681
553.83
553.979
554.128
554.277
554.427
554.576
554.725
554.874
555.024
555.173
555.322
555.471
555.621
555.77
555.919
556.068
556.217
556.367
556.516
556.665
556.814
556.964
557.113
557.262
557.411
557.56
557.71
557.859
558.008
558.157
558.307
558.456
558.605
558.754
558.904
559.053
559.202
559.351
559.5
559.65
559.799
559.948
560.097
560.247
560.396
560.545
560.694
560.843
560.993
561.142
561.291
561.44
561.59
561.739
561.888
562.037
562.187
562.336
562.485
562.634
562.783
562.933
563.082
563.231
563.38
563.53
563.679
563.828
563.977
564.126
564.276
564.425
564.574
564.723
564.873
565.022
565.171
565.32
565.47
565.619
565.768
565.917
566.066
566.216
566.365
566.514
566.663
566.813
566.962
567.111
567.26
567.409
567.559
567.708
567.857
568.006
568.156
568.305
568.454
568.603
568.753
568.902
569.051
569.2
569.349
569.499
569.648
569.797
569.946
570.096
570.245
570.394
570.543
570.692
570.842
570.991
571.14
571.289
571.439
571.588
571.737
571.886
572.036
572.185
572.334
572.483
572.632
572.782
572.931
573.08
573.229
573.379
573.528
573.677
573.826
573.975
574.125
574.274
574.423
574.572
574.722
574.871
575.02
575.169
575.318
575.468
575.617
575.766
575.915
576.065
576.214
576.363
576.512
576.662
576.811
576.96
577.112
577.264
577.415
577.567
577.719
577.871
578.022
578.174
578.326
578.478
578.629
578.781
578.933
579.085
579.236
579.388
579.54
579.692
579.843
579.995
580.147
580.299
580.45
580.602
580.754
580.906
581.057
581.209
581.361
581.513
581.664
581.816
581.968
582.12
582.271
582.423
582.575
582.727
582.878
583.03
583.182
583.334
583.485
583.637
583.789
583.941
584.092
584.244
584.396
584.548
584.699
584.851
585.003
585.155
585.306
585.458
585.61
585.762
585.913
586.065
586.217
586.369
586.52
586.672
586.824
586.976
587.127
587.279
587.431
587.583
587.734
587.886
588.038
588.19
588.341
588.493
588.645
588.797
588.948
589.1
589.252
589.404
589.555
589.707
589.859
590.011
590.162
590.314
590.466
590.618
590.769
590.921
591.073
591.225
591.376
591.528
591.68
591.832
591.983
592.135
592.287
592.439
592.59
592.742
592.894
593.046
593.197
593.349
593.501
593.653
593.804
593.956
594.108
594.26
594.411
594.563
594.715
594.867
595.018
595.17
595.322
595.474
595.625
595.777
595.929
596.081
596.232
596.384
596.536
596.688
596.839
596.991
597.143
597.295
597.446
597.598
597.75
597.902
598.053
598.205
598.357
598.509
598.66
598.812
598.964
599.116
599.267
599.419
599.571
599.723
599.874
600.026
600.178
600.33
600.481
600.633
600.785
600.937
601.088
601.24
601.392
601.544
601.695
601.847
601.999
602.151
602.302
602.454
602.606
602.758
602.909
603.061
603.213
603.365
603.516
603.668
603.82
603.972
604.123
604.275
604.427
604.579
604.73
604.882
605.034
605.186
605.337
605.489
605.641
605.793
605.944
606.096
606.248
606.4
606.552
606.703
606.855
607.007
607.159
607.31
607.462
607.614
607.766
607.917
608.069
608.221
608.373
608.524
608.676
608.828
608.98
609.131
609.283
609.435
609.587
609.738
609.89
610.042
610.194
610.345
610.497
610.649
610.801
610.952
611.104
611.256
611.408
611.559
611.711
611.863
612.015
612.166
612.318
612.47
612.622
612.773
612.925
613.077
613.229
613.38
613.532
613.684
613.836
613.987
614.139
614.291
614.443
614.594
614.746
614.898
615.05
615.201
615.353
615.505
615.657
615.808
615.96
616.112
616.264
616.415
616.567
616.719
616.871
617.022
617.174
617.326
617.478
617.629
617.781
617.933
618.085
618.236
618.388
618.54
618.692
618.843
618.995
619.147
619.299
619.45
619.602
619.754
619.906
620.057
620.209
620.361
620.513
620.664
620.816
620.968
621.12
621.271
621.423
621.575
621.727
621.878
622.03
622.182
622.334
622.485
622.637
622.789
622.941
623.092
623.244
623.396
623.548
623.699
623.851
624.003
624.155
624.306
624.458
624.61
624.762
624.913
625.065
625.217
625.369
625.52
625.672
625.824
625.976
626.127
626.279
626.431
626.583
626.734
626.886
627.038
627.19
627.341
627.493
627.645
627.797
627.948
628.1
628.252
628.404
628.555
628.707
628.859
629.011
629.162
629.314
629.466
629.618
629.769
629.921
630.073
630.225
630.376
630.528
630.68
630.832
630.983
631.135
631.287
631.439
631.59
631.742
631.894
632.046
632.197
632.349
632.501
632.653
632.804
632.956
633.108
633.26
633.411
633.563
633.715
633.867
634.018
634.17
634.322
634.474
634.625
634.777
634.929
635.081
635.232
635.384
635.536
635.688
635.839
635.991
636.143
636.295
636.447
636.598
636.75
636.902
637.053
637.205
637.357
637.509
637.661
637.812
637.964
638.116
638.268
638.419
638.571
638.723
638.875
639.026
639.178
639.33
639.482
639.633
639.785
639.937
640.089
640.24
640.392
640.544
640.696
640.847
640.999
641.151
641.303
641.454
641.606
641.758
641.91
642.061
642.213
642.365
642.517
642.668
642.82
642.972
643.124
643.275
643.427
643.579
643.731
643.882
644.034
644.186
644.338
644.489
644.641
644.793
644.945
645.096
645.248
645.4
645.552
645.703
645.855
646.007
646.159
646.31
646.462
646.614
646.766
646.917
647.069
647.221
647.373
647.524
647.676
647.828
647.98
648.131
648.283
648.435
648.587
648.738
648.89
649.042
649.194
649.345
649.497
649.649
649.801
649.952
650.104
650.256
650.408
650.559
650.711
650.863
651.015
651.166
651.318
651.47
651.622
651.773
651.925
652.077
652.229
652.38
652.532
652.684
652.836
652.987
653.139
653.291
653.443
653.594
653.746
653.898
654.05
654.201
654.353
654.505
654.657
654.808
654.96
655.112
655.264
655.415
655.567
655.719
655.871
656.022
656.174
656.326
656.478
656.629
656.781
656.933
657.085
657.236
657.388
657.54
657.692
657.843
657.995
658.147
658.299
658.45
658.602
658.754
658.906
659.057
659.209
659.361
659.513
659.664
659.816
659.968
660.12
660.271
660.423
660.575
660.727
660.878
661.03
661.182
661.334
661.485
661.637
661.789
661.941
662.092
662.244
662.396
662.548
662.699
662.851
663.003
663.155
663.306
663.458
663.61
663.762
663.913
664.065
664.217
664.369
664.52
664.672
664.824
664.976
665.127
665.279
665.431
665.583
665.734
665.886
666.038
666.19
666.342
666.493
666.645
666.797
666.948
667.1
667.252
667.404
667.556
667.707
667.859
668.011
668.163
668.314
668.466
668.618
668.77
668.921
669.073
669.225
669.377
669.528
669.68
669.832
669.984
670.135
670.287
670.439
670.591
670.742
670.894
671.046
671.198
671.349
671.501
671.653
671.805
671.956
672.108
672.26
672.412
672.563
672.715
672.867
673.019
673.17
673.322
673.474
673.626
673.777
673.929
674.081
674.233
674.384
674.536
674.688
674.84
674.991
675.143
675.295
675.447
675.598
675.75
675.902
676.054
676.205
676.357
676.509
676.661
676.812
676.964
677.116
677.268
677.419
677.571
677.723
677.875
678.026
678.178
678.33
678.482
678.633
678.785
678.937
679.089
679.24
679.392
679.544
679.696
679.847
679.999
680.151
680.303
680.454
680.606
680.758
680.91
681.061
681.213
681.365
681.517
681.668
681.82
681.972
682.124
682.275
682.427
682.579
682.731
682.882
683.034
683.186
683.338
683.489
683.641
683.793
683.945
684.096
684.248
684.4
684.552
684.703
684.855
685.007
685.159
685.31
685.462
685.614
685.766
685.917
686.069
686.221
686.373
686.524
686.676
686.828
686.98
687.131
687.283
687.435
687.587
687.738
687.89
688.042
688.194
688.345
688.497
688.649
688.801
688.952
689.104
689.256
689.408
689.559
689.711
689.863
690.015
690.166
690.318
690.47
690.622
690.773
690.925
691.077
691.229
691.38
691.532
691.684
691.836
691.987
692.139
692.291
692.443
692.594
692.746
692.898
693.05
693.201
693.353
693.505
693.657
693.808
693.96
694.112
694.264
694.415
694.567
694.719
694.871
695.022
695.174
695.326
695.478
695.629
695.781
695.933
696.085
696.236
696.388
696.54
696.697
696.854
697.011
697.169
697.326
697.483
697.64
697.797
697.954
698.111
698.269
698.426
698.583
698.74
698.897
699.054
699.211
699.369
699.526
699.683
699.84
699.997
700.154
700.311
700.469
700.626
700.783
700.94
701.097
701.254
701.411
701.569
701.726
701.883
702.04
702.197
702.354
702.511
702.668
702.826
702.983
703.14
703.297
703.454
703.611
703.768
703.926
704.083
704.24
704.397
704.554
704.711
704.868
705.026
705.183
705.34
705.497
705.654
705.811
705.968
706.126
706.283
706.44
706.597
706.754
706.911
707.068
707.226
707.383
707.54
707.697
707.854
708.011
708.168
708.326
708.483
708.64
708.797
708.954
709.111
709.268
709.426
709.583
709.74
709.897
710.054
710.211
710.368
710.526
710.683
710.84
710.997
711.154
711.311
711.468
711.626
711.783
711.94
712.097
712.254
712.411
712.568
712.726
712.883
713.04
713.197
713.354
713.511
713.668
713.826
713.983
714.14
714.297
714.454
714.611
714.768
714.926
715.083
715.24
715.397
715.554
715.711
715.868
716.025
716.183
716.34
716.497
716.654
716.811
716.968
717.125
717.283
717.44
717.597
717.754
717.911
718.068
718.225
718.383
718.54
718.697
718.854
719.011
719.168
719.325
719.483
719.64
719.797
719.954
720.111
720.268
720.425
720.583
720.74
720.897
721.054
721.211
721.368
721.525
721.683
721.84
721.997
722.154

